(0.0, 0.0, 0.0)
(0.0, 0.0, 0.0)
(0.0, 0.0, 0.0)
(0.0, 0.0, 0.0)
(0.0, 0.0, 0.0)
(0.0, 0.0, 0.0)
(0.0, 0.0, 0.0)
(0.0, 0.0, 0.0)
(0.0, 0.0, 0.0)
(0.0, 0.0, 0.0)
(0.0, 0.0, 0.0)
(0.0, 0.0, 0.0)
(0.0, 0.0, 0.0)
(0.0, 0.0, 0.0)
(0.0, 0.0, 0.0)
(0.0, 0.0, 0.0)
(0.0, 0.0, 0.0)
(0.0, 0.0, 0.0)
(0.0, 0.0, 0.0)
(0.0, 0.0, 0.0)
(0.0, 0.0, 0.0, 0.0)
(0.0, 0.0, 0.0, 0.0)
(0.0, 0.0, 0.0, 0.0)
(0.0, 0.0, 0.0, 0.0)
(0.0, 0.0, 0.0, 0.0)
(0.0, 0.0, 0.0, 0.0)
(0.0, 0.0, 0.0, 0.0)
(0.0, 0.0, 0.0, 0.0)
(0.0, 0.0, 0.0, 0.0)
(0.0, 0.0, 0.0, 0.0)
(0.0, 0.0, 0.0, 0.0)
(0.0, 0.0, 0.0, 0.0)
(0.0, 0.0, 0.0, 0.0)
(0.0, 0.0, 0.0, 0.0)
(0.0, 0.0, 0.0, 0.0)
(0.0, 0.0, 0.0, 0.0)
(0.0, 0.0, 0.0, 0.0)
(0.0, 0.0, 0.0, 0.0)
(0.0, 0.0, 0.0, 0.0)
(0.0, 0.0, 0.0, 0.0)
(0.0, 0.0, 0.0)
(4.1, 1.1, -0.2)
(4.1, 1.5, -0.1)
(4.2, 3.2, -0.1)
(4.1, 3.3, -0.4)
(4.5, 2.8, -0.2)
(4.9, 2.9, -0.2)
(5.4, 2.0, 0.1)
(5.6, 1.1, -0.4)
(0.0, 0.0, 0.0)
(3.8, 2.8, -0.1)
(3.5, 2.9, 0.0)
(3.2, 1.9, 0.2)
(3.0, 2.2, -0.8)
(0.0, 0.0, 0.0)
(4.4, 0.7, -0.3)
(4.7, -0.8, -0.2)
(4.8, -2.4, 0.1)
(4.9, -2.7, -0.4)
(3.9, 0.7, -0.2)
(3.7, -0.8, 0.0)
(3.7, -2.5, 0.2)
(3.6, -2.7, -0.3)
(0.0, 1.0, 0.0, -0.1)
(0.0, 1.0, 0.0, 0.0)
(-0.1, 1.0, -0.3, -0.1)
(-0.1, 1.0, -0.3, -0.1)
(0.0, 1.0, 0.0, 0.0)
(0.5, 0.9, 0.0, 0.1)
(0.4, 0.7, -0.3, -0.5)
(0.4, 0.6, -0.3, -0.6)
(0.0, 0.0, 0.0, 0.0)
(0.0, 1.0, 0.0, 0.0)
(-0.6, 0.8, 0.1, -0.1)
(0.1, 0.8, 0.1, 0.6)
(0.2, 0.7, 0.1, 0.7)
(0.0, 0.0, 0.0, 0.0)
(0.0, 1.0, 0.0, -0.1)
(0.0, 1.0, 0.0, -0.1)
(0.0, 1.0, 0.0, -0.1)
(0.0, 1.0, 0.0, -0.1)
(0.0, 1.0, 0.0, -0.1)
(0.0, 1.0, 0.0, -0.1)
(0.0, 1.0, 0.0, 0.0)
(0.0, 1.0, 0.0, 0.0)
